-1.103474
-0.074025
-0.427877
0.778653
-0.814881
0.025276
1.520565
0.528872
0.273756
0.539410
0.215681
0.052815
0.780923
1.154383
0.390265
0.497385
1.413875
0.797817
0.167715
-0.343100
1.161014
1.296076
-0.963819
0.386166
0.773757
0.224080
-0.022870
1.060303
-0.125665
0.365730
1.088753
1.111464
1.321037
0.685483
0.807381
1.592399
1.219288
1.313183
0.500378
0.270548
1.324082
3.216875
0.694577
0.986461
0.399877
0.981280
1.474974
1.617127
0.788696
0.970673
0.691048
1.002211
0.867506
0.160786
0.534597
1.451897
0.261732
1.175205
0.934616
-0.059843
1.211670
1.076126
0.453606
0.319142
0.383128
0.885728
1.196029
1.454002
0.988778
0.927932
0.780447
1.003501
0.471672
0.989998
0.634072
1.209877
0.964838
1.113289
1.546508
-0.614293
2.030670
0.845035
0.430428
0.797493
0.885632
0.284938
0.215148
0.893677
0.796332
0.714761
0.355973
0.756766
1.034768
-0.289985
0.456787
0.445837
-0.083627
-0.715372
0.791274
-0.415345
-0.159736
0.409320
-0.476921
-0.216234
-0.065862
-0.912857
0.277784
0.004323
-0.643887
-0.632417
-0.663340
-0.269830
-0.298279
-0.388342
-0.597325
0.160358
0.640195
0.749906
-0.214919
-1.333412
-1.340263
-0.111814
-1.445458
-0.215460
-2.204729
-1.358893
-1.012715
-0.452569
-1.469547
-0.306015
-1.162862
-0.246281
-0.639397
-1.480799
-1.277310
-1.546524
-0.440740
-0.999715
-1.463056
-0.924408
-1.901564
-0.658003
-0.685172
-0.451526
-1.820678
-0.784158
-0.569520
-1.107851
-1.533094
-1.626590
-1.231690
-1.452077
-0.053935
-1.364219
-1.421801
-0.796764
-0.059614
-0.845705
-0.514908
-1.388705
-0.586867
-0.006253
-1.032216
-0.960485
-1.052811
-0.688093
-0.489597
-0.503709
-0.602316
-0.507992
-0.737836
-0.941360
-0.199517
-0.626835
-1.254199
-0.943847
-0.074742
-0.781596
-0.777276
-1.349328
-0.723790
-0.339411
-0.417313
-0.605942
-0.061613
-0.532621
-0.449936
-0.355053
-0.959386
-0.144634
-0.490479
0.251275
-0.008233
0.295658
-1.061141
1.185475
0.061667
0.732846
0.316422
-0.198296
-0.596499
0.248398
0.811476
0.574528
0.456540
-0.502457
0.919227
0.819994
0.333900
-0.324338
0.453459
1.163896
0.314812
-0.004067
0.084385
0.845607
1.425052
0.022695
0.465639
-0.371433
0.891120
1.397703
0.635648
1.061057
-0.340342
0.793365
2.315299
0.750392
0.345282
0.504875
0.508948
0.701170
0.629774
0.891735
0.088065
2.133349
0.442123
1.269301
0.468715
0.359195
1.408254
1.775330
0.053457
0.651364
0.352821
1.332123
1.804558
1.898723
0.436718
0.620706
1.597305
0.680171
1.768187
0.853662
0.260797
0.664882
1.081493
1.305838
1.040965
0.443363
1.779383
1.320318
0.342737
-1.022604
0.625221
0.394452
1.750472
1.149393
0.540703
0.908302
1.632902
0.927236
1.783979
0.344427
-0.010132
1.633407
1.074192
0.777739
0.530566
0.804541
1.284805
0.930588
0.335592
-0.346112
-0.631983
0.170778
0.849421
1.360944
-0.011310
0.624346
0.544028
0.409482
0.483134
-0.762540
-0.416789
0.693461
0.278538
0.251494
0.417759
-0.142687
0.200817
0.139972
-0.278957
-1.028196
-0.571939
0.396256
0.691900
-0.487540
-0.994477
-0.037054
-0.047098
-0.405767
0.512297
-1.118116
-0.717977
-0.444342
-0.348163
-0.087192
0.494067
-1.174000
-0.849212
-0.132209
0.316329
-0.603133
-0.286557
-1.139655
0.240758
-0.770608
-1.108891
-1.097132
-1.288700
-0.379327
-0.149321
-0.643126
-1.300033
-0.812978
-0.320410
-1.058912
-0.436692
-0.603922
-1.039245
-0.576796
-1.934516
-1.059223
-0.641405
-0.521362
-1.449756
-1.182529
-1.550791
-1.785463
-0.599621
-0.337008
-0.872997
-0.702829
-1.896281
-1.125828
-0.068708
-1.027555
-1.042054
-2.141005
-1.448241
-1.701150
-1.007575
-1.376692
-0.415008
-1.056948
-0.693554
0.175088
-1.055920
-0.158861
-0.772098
-0.576526
0.555122
-1.922654
-1.231696
-0.800321
-0.476310
-0.981226
-1.324436
-0.286558
-0.274414
-0.333163
-0.432501
-0.993275
-0.809498
-1.399693
-0.261839
0.562921
-0.852049
-0.573105
0.163568
0.547678
0.683879
-0.916484
-0.637979
0.162670
-0.042272
0.179067
-0.122412
0.326480
-0.139578
1.158726
-0.375822
0.603531
0.645453
-0.751523
0.168418
-0.109014
0.308569
-0.040607
0.776326
0.249015
0.456772
-0.169208
-0.499176
0.759320
-0.348496
0.211557
0.306216
-0.159376
0.216057
0.867839
0.820679
0.655044
0.448370
-0.472116
0.974951
0.458431
-0.031506
1.846224
0.860080
1.222984
1.244301
0.371724
0.000709
1.387058
1.393737
0.983926
0.499949
0.227686
0.825219
1.606987
0.420996
0.975905
0.130659
0.742318
1.409273
2.057384
2.033373
0.902556
0.972869
2.091697
1.547353
0.320372
0.883497
2.051071
0.710975
0.157982
0.760795
0.548943
1.426926
1.047681
1.166521
0.443618
-0.196312
-0.397769
1.229525
0.875175
0.793733
1.240465
1.243056
0.545963
1.053221
0.195055
0.813055
1.033690
0.284674
0.084788
0.761325
-0.176733
0.989731
1.985590
0.771599
0.324012
0.334300
0.249332
0.690505
0.437845
-0.898976
0.494923
0.828991
1.132743
1.038404
-0.414571
-0.182938
-0.314514
0.331861
-0.359671
0.447605
-0.039609
-0.489710
0.784811
-0.393654
-0.311914
-1.114840
-0.948838
0.419413
0.948937
-0.634819
-0.359762
-1.597860
-0.794869
-0.265046
-1.455536
-1.219195
-0.314783
-0.980429
-0.353241
-0.884393
-1.321260
-1.264252
0.490752
-1.032920
-0.867985
0.021263
-0.424270
-0.684531
-0.238603
-1.341046
-1.849371
-1.610259
-0.914504
-0.715092
-0.031271
-0.818763
-0.240052
-1.970188
0.387094
-1.341770
-1.463434
-0.385635
-0.247690
-0.876817
-1.517644
-0.948589
-1.775622
-0.222518
-1.310978
-0.797858
-1.308423
-0.686364
-0.050849
0.128649
-1.122074
-1.917509
-1.465221
-1.358852
-0.953174
-1.255463
-1.576091
-2.013651
-0.707991
-1.205138
-1.433660
-1.406471
-1.368755
-0.310897
-1.326444
-0.939412
-1.033484
0.339488
-1.212370
0.055272
-0.913647
-2.456854
-0.493092
-1.025720
-0.564252
-0.814773
-0.490346
-1.087714
-0.541946
0.756184
0.623650
-0.285093
-0.854078
0.694333
0.577297
-0.609099
-0.763642
0.537231
-0.499576
0.269526
-1.304815
-1.134161
0.635823
-0.411534
0.003488
-0.113562
-0.105334
0.207964
0.894820
-0.048776
-0.121160
-0.807442
0.859570
0.485770
-0.330130
0.327714
-0.092193
-0.128750
0.458052
0.259280
0.171670
-0.091713
0.174082
-0.847068
1.370929
0.989964
-0.997089
0.696745
1.041300
2.231248
-0.098668
0.784121
-0.098219
1.004363
0.895001
0.961664
0.251333
1.266639
1.412775
0.193469
1.017853
0.760575
0.279127
1.076719
1.676415
0.459609
0.280959
0.390973
1.155245
0.627533
0.516882
0.377575
0.558240
1.002955
1.130439
0.807112
-0.061748
0.709266
0.545709
1.126126
1.277566
1.220410
0.800158
1.020399
1.211869
1.368612
0.320070
1.302761
1.438964
0.747899
0.890056
-0.012004
0.942793
1.053532
2.065318
0.967460
0.850898
0.909206
1.063304
1.226943
0.346848
0.960719
0.887461
1.084619
1.225923
1.198976
-0.464700
0.834497
0.459715
0.530097
0.699082
-0.091183
-0.066118
0.581745
1.329562
0.540733
0.290820
0.735337
-0.143728
0.461073
-0.619261
-0.282565
0.758307
-0.011293
0.669401
-0.231026
-0.076522
-0.283981
1.235846
-0.199551
-0.743398
0.043481
-0.732978
-1.006745
0.568193
-0.551593
0.051205
-0.498984
-0.149903
0.198297
-0.197891
-1.921059
-0.300293
-0.152773
0.309019
-0.277213
-1.457756
-0.923174
0.105633
-0.470344
-0.997676
-1.334354
-0.778798
0.250851
-1.225378
-0.959776
-0.670157
-0.376977
-0.641983
-1.049186
-1.019011
-2.291525
-0.279662
-0.566859
-0.437939
-0.755297
-1.382453
-0.216975
0.077744
-1.315479
-1.902855
-0.790662
-2.154979
-0.929514
-1.157808
-0.559528
-2.005435
-1.650350
-0.477135
-0.271996
-1.113315
-1.498623
-0.377237
-0.696905
-1.611557
-0.979926
-1.207894
-1.292054
-0.858424
-0.656046
-0.851958
-1.539727
-1.643365
-0.186567
-1.581074
-1.066104
-0.693958
-0.171441
-1.083609
-0.377320
-1.068815
-0.868801
-0.123237
-0.907472
-1.043664
-1.058687
-0.508988
-0.101236
-0.832019
-0.025104
-0.330732
-1.149292
0.207677
-0.689871
-0.303004
0.108468
-0.131124
-0.838457
0.645531
-0.697364
-0.410717
-0.725077
0.273040
0.509082
-0.170564
0.956251
-0.959076
0.480439
-0.497412
-0.676415
-0.685877
0.172184
-0.288259
0.034638
0.125380
-0.734571
0.305237
0.051443
0.775779
1.125829
-0.306940
0.546580
0.017172
0.713788
0.541493
0.333415
-0.327551
1.399871
0.246486
0.234930
-0.638465
-0.442339
-0.030604
0.081801
1.211989
-0.218583
0.753138
1.580922
1.141890
0.827074
1.491963
0.015281
1.159322
0.372382
0.691542
1.301812
0.465058
1.730909
0.406468
1.008549
0.082223
1.612640
0.662152
1.528516
1.443719
0.426241
0.188819
1.270380
1.644298
1.592576
0.495345
0.488591
0.594543
2.443200
0.853535
0.861627
-0.108529
1.073621
1.740360
1.313973
0.600207
0.454251
0.923403
2.052100
1.165629
0.449380
0.958517
1.666091
1.026082
1.173084
0.620939
-1.307244
0.148253
1.313810
0.954464
0.542031
0.089140
0.594208
0.587620
0.423128
0.893179
0.310746
-0.123462
0.773834
0.955774
-0.037314
0.429370
0.252232
0.104427
0.124251
0.692852
0.695800
-0.670485
0.680823
0.088497
-0.466565
0.563074
-0.917743
1.118689
0.113539
0.123573
-0.698040
-0.573767
-0.167165
-0.390236
-1.642683
-0.791746
-1.010512
-0.531415
-0.316471
0.341112
-1.471316
-0.226780
-0.656682
0.251942
-0.750721
-1.107293
-1.000161
0.407794
0.228275
-0.791748
-0.829506
-1.064245
-0.093269
-0.963798
-0.506635
-1.040682
-0.298337
-0.343561
-0.519884
-1.799239
-0.301686
-0.722167
-1.221624
-0.452031
-1.104599
-2.068163
-1.252801
-0.227053
-0.869513
-0.383992
-0.379484
-1.431113
-0.535428
-0.871221
-1.251961
-0.869377
-0.507517
0.186725
-1.108835
-1.521736
-1.392921
-0.431072
-1.354037
-0.694394
-0.163043
-2.310410
-0.287180
-0.189397
-1.144738
-1.101280
-0.664404
-1.721340
-0.522705
-0.999311
-1.062562
-0.389467
-0.434796
-0.395375
-0.071012
-1.540200
-1.613800
0.556914
0.477705
-1.740572
-0.360537
-0.162270
-0.431923
0.762862
-0.695552
-1.074384
-1.348041
-1.474319
0.960986
0.739648
-0.838556
-0.535383
-0.311149
-1.544352
0.844287
0.115589
-0.006186
-0.087472
-0.633100
0.483708
0.075192
0.105820
